---
volume: 31792888.826660
transactions: 335931
nodes: 684
block_height: "1966877"
coins_emitted: 76082122.229028
block_reward: 1.919328
hashrate: 28048040.533333
repositories: 72
contributors: 57
commits: 12853
miners: 312
wallets: 13436
pools: 12
repos: 85
...
