---
volume: 276775469.09374565
transactions: 2023509
nodes: 900
block_height: "3266500"
coins_emitted: 78325231.55408612
block_reward: 1.546054894
hashrate: 14926416
repositories: 72
contributors: 57
commits: 12853
miners: 312
wallets: 13436
pools: 12
repos: 85
...
